1
0 12 0 1 2 3 4 5 6 7 8 9 10 11
12
0 0
1 0
2 0
3 0
4 0
5 0
6 0
7 0
8 0
9 0
10 0
11 0
11
0 1 2  0 0 110 0 2 0 3 0 4 0 5 0 6 0 7 0 8 0 9 0 10 0 11 1 3 1 4 1 5 1 6 1 7 1 8 1 9 1 10 1 11 2 0 2 4 2 5 2 6 2 7 2 8 2 9 2 10 2 11 3 0 3 1 3 5 3 6 3 7 3 8 3 9 3 10 3 11 4 0 4 1 4 2 4 6 4 7 4 8 4 9 4 10 4 11 5 0 5 1 5 2 5 3 5 7 5 8 5 9 5 10 5 11 6 0 6 1 6 2 6 3 6 4 6 8 6 9 6 10 6 11 7 0 7 1 7 2 7 3 7 4 7 5 7 9 7 10 7 11 8 0 8 1 8 2 8 3 8 4 8 5 8 6 8 10 8 11 9 0 9 1 9 2 9 3 9 4 9 5 9 6 9 7 9 11 10 0 10 1 10 2 10 3 10 4 10 5 10 6 10 7 10 8 11 0 11 1 11 2 11 3 11 4 11 5 11 6 11 7 11 8 11 9
1 1 2  0 0 112 0 1 0 3 0 4 0 5 0 6 0 7 0 8 0 9 0 10 0 11 1 0 1 2 1 4 1 5 1 6 1 7 1 8 1 9 1 10 1 11 2 1 2 3 2 5 2 6 2 7 2 8 2 9 2 10 2 11 3 0 3 2 3 4 3 6 3 7 3 8 3 9 3 10 3 11 4 0 4 1 4 3 4 5 4 7 4 8 4 9 4 10 4 11 5 0 5 1 5 2 5 4 5 6 5 8 5 9 5 10 5 11 6 0 6 1 6 2 6 3 6 5 6 7 6 9 6 10 6 11 7 0 7 1 7 2 7 3 7 4 7 6 7 8 7 10 7 11 8 0 8 1 8 2 8 3 8 4 8 5 8 7 8 9 8 11 9 0 9 1 9 2 9 3 9 4 9 5 9 6 9 8 9 10 10 0 10 1 10 2 10 3 10 4 10 5 10 6 10 7 10 9 10 11 11 0 11 1 11 2 11 3 11 4 11 5 11 6 11 7 11 8 11 10
2 1 2  0 0 114 0 1 0 2 0 4 0 5 0 6 0 7 0 8 0 9 0 10 0 11 1 0 1 2 1 3 1 5 1 6 1 7 1 8 1 9 1 10 1 11 2 0 2 1 2 3 2 4 2 6 2 7 2 8 2 9 2 10 2 11 3 1 3 2 3 4 3 5 3 7 3 8 3 9 3 10 3 11 4 0 4 2 4 3 4 5 4 6 4 8 4 9 4 10 4 11 5 0 5 1 5 3 5 4 5 6 5 7 5 9 5 10 5 11 6 0 6 1 6 2 6 4 6 5 6 7 6 8 6 10 6 11 7 0 7 1 7 2 7 3 7 5 7 6 7 8 7 9 7 11 8 0 8 1 8 2 8 3 8 4 8 6 8 7 8 9 8 10 9 0 9 1 9 2 9 3 9 4 9 5 9 7 9 8 9 10 9 11 10 0 10 1 10 2 10 3 10 4 10 5 10 6 10 8 10 9 10 11 11 0 11 1 11 2 11 3 11 4 11 5 11 6 11 7 11 9 11 10
3 1 2  0 0 116 0 1 0 2 0 3 0 5 0 6 0 7 0 8 0 9 0 10 0 11 1 0 1 2 1 3 1 4 1 6 1 7 1 8 1 9 1 10 1 11 2 0 2 1 2 3 2 4 2 5 2 7 2 8 2 9 2 10 2 11 3 0 3 1 3 2 3 4 3 5 3 6 3 8 3 9 3 10 3 11 4 1 4 2 4 3 4 5 4 6 4 7 4 9 4 10 4 11 5 0 5 2 5 3 5 4 5 6 5 7 5 8 5 10 5 11 6 0 6 1 6 3 6 4 6 5 6 7 6 8 6 9 6 11 7 0 7 1 7 2 7 4 7 5 7 6 7 8 7 9 7 10 8 0 8 1 8 2 8 3 8 5 8 6 8 7 8 9 8 10 8 11 9 0 9 1 9 2 9 3 9 4 9 6 9 7 9 8 9 10 9 11 10 0 10 1 10 2 10 3 10 4 10 5 10 7 10 8 10 9 10 11 11 0 11 1 11 2 11 3 11 4 11 5 11 6 11 8 11 9 11 10
4 1 2  0 0 118 0 1 0 2 0 3 0 4 0 6 0 7 0 8 0 9 0 10 0 11 1 0 1 2 1 3 1 4 1 5 1 7 1 8 1 9 1 10 1 11 2 0 2 1 2 3 2 4 2 5 2 6 2 8 2 9 2 10 2 11 3 0 3 1 3 2 3 4 3 5 3 6 3 7 3 9 3 10 3 11 4 0 4 1 4 2 4 3 4 5 4 6 4 7 4 8 4 10 4 11 5 1 5 2 5 3 5 4 5 6 5 7 5 8 5 9 5 11 6 0 6 2 6 3 6 4 6 5 6 7 6 8 6 9 6 10 7 0 7 1 7 3 7 4 7 5 7 6 7 8 7 9 7 10 7 11 8 0 8 1 8 2 8 4 8 5 8 6 8 7 8 9 8 10 8 11 9 0 9 1 9 2 9 3 9 5 9 6 9 7 9 8 9 10 9 11 10 0 10 1 10 2 10 3 10 4 10 6 10 7 10 8 10 9 10 11 11 0 11 1 11 2 11 3 11 4 11 5 11 7 11 8 11 9 11 10
5 1 2  0 0 120 0 1 0 2 0 3 0 4 0 5 0 7 0 8 0 9 0 10 0 11 1 0 1 2 1 3 1 4 1 5 1 6 1 8 1 9 1 10 1 11 2 0 2 1 2 3 2 4 2 5 2 6 2 7 2 9 2 10 2 11 3 0 3 1 3 2 3 4 3 5 3 6 3 7 3 8 3 10 3 11 4 0 4 1 4 2 4 3 4 5 4 6 4 7 4 8 4 9 4 11 5 0 5 1 5 2 5 3 5 4 5 6 5 7 5 8 5 9 5 10 6 1 6 2 6 3 6 4 6 5 6 7 6 8 6 9 6 10 6 11 7 0 7 2 7 3 7 4 7 5 7 6 7 8 7 9 7 10 7 11 8 0 8 1 8 3 8 4 8 5 8 6 8 7 8 9 8 10 8 11 9 0 9 1 9 2 9 4 9 5 9 6 9 7 9 8 9 10 9 11 10 0 10 1 10 2 10 3 10 5 10 6 10 7 10 8 10 9 10 11 11 0 11 1 11 2 11 3 11 4 11 6 11 7 11 8 11 9 11 10
6 1 2  0 0 122 0 1 0 2 0 3 0 4 0 5 0 6 0 8 0 9 0 10 0 11 1 0 1 2 1 3 1 4 1 5 1 6 1 7 1 9 1 10 1 11 2 0 2 1 2 3 2 4 2 5 2 6 2 7 2 8 2 10 2 11 3 0 3 1 3 2 3 4 3 5 3 6 3 7 3 8 3 9 3 11 4 0 4 1 4 2 4 3 4 5 4 6 4 7 4 8 4 9 4 10 5 0 5 1 5 2 5 3 5 4 5 6 5 7 5 8 5 9 5 10 5 11 6 0 6 1 6 2 6 3 6 4 6 5 6 7 6 8 6 9 6 10 6 11 7 1 7 2 7 3 7 4 7 5 7 6 7 8 7 9 7 10 7 11 8 0 8 2 8 3 8 4 8 5 8 6 8 7 8 9 8 10 8 11 9 0 9 1 9 3 9 4 9 5 9 6 9 7 9 8 9 10 9 11 10 0 10 1 10 2 10 4 10 5 10 6 10 7 10 8 10 9 10 11 11 0 11 1 11 2 11 3 11 5 11 6 11 7 11 8 11 9 11 10
7 1 2  0 0 124 0 1 0 2 0 3 0 4 0 5 0 6 0 7 0 9 0 10 0 11 1 0 1 2 1 3 1 4 1 5 1 6 1 7 1 8 1 10 1 11 2 0 2 1 2 3 2 4 2 5 2 6 2 7 2 8 2 9 2 11 3 0 3 1 3 2 3 4 3 5 3 6 3 7 3 8 3 9 3 10 4 0 4 1 4 2 4 3 4 5 4 6 4 7 4 8 4 9 4 10 4 11 5 0 5 1 5 2 5 3 5 4 5 6 5 7 5 8 5 9 5 10 5 11 6 0 6 1 6 2 6 3 6 4 6 5 6 7 6 8 6 9 6 10 6 11 7 0 7 1 7 2 7 3 7 4 7 5 7 6 7 8 7 9 7 10 7 11 8 1 8 2 8 3 8 4 8 5 8 6 8 7 8 9 8 10 8 11 9 0 9 2 9 3 9 4 9 5 9 6 9 7 9 8 9 10 9 11 10 0 10 1 10 3 10 4 10 5 10 6 10 7 10 8 10 9 10 11 11 0 11 1 11 2 11 4 11 5 11 6 11 7 11 8 11 9 11 10
8 1 2  0 0 126 0 1 0 2 0 3 0 4 0 5 0 6 0 7 0 8 0 10 0 11 1 0 1 2 1 3 1 4 1 5 1 6 1 7 1 8 1 9 1 11 2 0 2 1 2 3 2 4 2 5 2 6 2 7 2 8 2 9 2 10 3 0 3 1 3 2 3 4 3 5 3 6 3 7 3 8 3 9 3 10 3 11 4 0 4 1 4 2 4 3 4 5 4 6 4 7 4 8 4 9 4 10 4 11 5 0 5 1 5 2 5 3 5 4 5 6 5 7 5 8 5 9 5 10 5 11 6 0 6 1 6 2 6 3 6 4 6 5 6 7 6 8 6 9 6 10 6 11 7 0 7 1 7 2 7 3 7 4 7 5 7 6 7 8 7 9 7 10 7 11 8 0 8 1 8 2 8 3 8 4 8 5 8 6 8 7 8 9 8 10 8 11 9 1 9 2 9 3 9 4 9 5 9 6 9 7 9 8 9 10 9 11 10 0 10 2 10 3 10 4 10 5 10 6 10 7 10 8 10 9 10 11 11 0 11 1 11 3 11 4 11 5 11 6 11 7 11 8 11 9 11 10
9 1 2  0 0 128 0 1 0 2 0 3 0 4 0 5 0 6 0 7 0 8 0 9 0 11 1 0 1 2 1 3 1 4 1 5 1 6 1 7 1 8 1 9 1 10 2 0 2 1 2 3 2 4 2 5 2 6 2 7 2 8 2 9 2 10 2 11 3 0 3 1 3 2 3 4 3 5 3 6 3 7 3 8 3 9 3 10 3 11 4 0 4 1 4 2 4 3 4 5 4 6 4 7 4 8 4 9 4 10 4 11 5 0 5 1 5 2 5 3 5 4 5 6 5 7 5 8 5 9 5 10 5 11 6 0 6 1 6 2 6 3 6 4 6 5 6 7 6 8 6 9 6 10 6 11 7 0 7 1 7 2 7 3 7 4 7 5 7 6 7 8 7 9 7 10 7 11 8 0 8 1 8 2 8 3 8 4 8 5 8 6 8 7 8 9 8 10 8 11 9 0 9 1 9 2 9 3 9 4 9 5 9 6 9 7 9 8 9 10 9 11 10 1 10 2 10 3 10 4 10 5 10 6 10 7 10 8 10 9 10 11 11 0 11 2 11 3 11 4 11 5 11 6 11 7 11 8 11 9 11 10
10 1 2  0 0 130 0 1 0 2 0 3 0 4 0 5 0 6 0 7 0 8 0 9 0 10 1 0 1 2 1 3 1 4 1 5 1 6 1 7 1 8 1 9 1 10 1 11 2 0 2 1 2 3 2 4 2 5 2 6 2 7 2 8 2 9 2 10 2 11 3 0 3 1 3 2 3 4 3 5 3 6 3 7 3 8 3 9 3 10 3 11 4 0 4 1 4 2 4 3 4 5 4 6 4 7 4 8 4 9 4 10 4 11 5 0 5 1 5 2 5 3 5 4 5 6 5 7 5 8 5 9 5 10 5 11 6 0 6 1 6 2 6 3 6 4 6 5 6 7 6 8 6 9 6 10 6 11 7 0 7 1 7 2 7 3 7 4 7 5 7 6 7 8 7 9 7 10 7 11 8 0 8 1 8 2 8 3 8 4 8 5 8 6 8 7 8 9 8 10 8 11 9 0 9 1 9 2 9 3 9 4 9 5 9 6 9 7 9 8 9 10 9 11 10 0 10 1 10 2 10 3 10 4 10 5 10 6 10 7 10 8 10 9 10 11 11 1 11 2 11 3 11 4 11 5 11 6 11 7 11 8 11 9 11 10
66
2 0 1 0
2 0 2 1
2 0 3 2
2 0 4 3
2 0 5 4
2 0 6 5
2 0 7 6
2 0 8 7
2 0 9 8
2 0 10 9
2 0 11 10
2 1 2 0
2 1 3 1
2 1 4 2
2 1 5 3
2 1 6 4
2 1 7 5
2 1 8 6
2 1 9 7
2 1 10 8
2 1 11 9
2 2 3 0
2 2 4 1
2 2 5 2
2 2 6 3
2 2 7 4
2 2 8 5
2 2 9 6
2 2 10 7
2 2 11 8
2 3 4 0
2 3 5 1
2 3 6 2
2 3 7 3
2 3 8 4
2 3 9 5
2 3 10 6
2 3 11 7
2 4 5 0
2 4 6 1
2 4 7 2
2 4 8 3
2 4 9 4
2 4 10 5
2 4 11 6
2 5 6 0
2 5 7 1
2 5 8 2
2 5 9 3
2 5 10 4
2 5 11 5
2 6 7 0
2 6 8 1
2 6 9 2
2 6 10 3
2 6 11 4
2 7 8 0
2 7 9 1
2 7 10 2
2 7 11 3
2 8 9 0
2 8 10 1
2 8 11 2
2 9 10 0
2 9 11 1
2 10 11 0
