139
0 16 0 1 2 3 4 5 6 7 8 9 10 11 12 13 14 15
1 3 0 1 2
2 4 0 1 2 3
3 2 0 1
4 2 0 1
5 2 0 1
6 2 0 1
7 2 0 1
8 2 0 1
9 2 0 1
10 2 0 1
11 2 0 1
12 2 0 1
13 2 0 1
14 2 0 1
15 2 0 1
16 2 0 1
17 3 0 1 2
18 2 0 1
19 14 0 1 2 3 4 5 6 7 8 9 10 11 12 13
20 3 0 1 2
21 2 0 1
22 2 0 1
23 3 0 1 2
24 4 0 1 2 3
25 2 0 1
26 2 0 1
27 3 0 1 2
28 3 0 1 2
29 2 0 1
30 2 0 1
31 2 0 1
32 2 0 1
33 2 0 1
34 3 0 1 2
35 2 0 1
36 2 0 1
37 2 0 1
38 3 0 1 2
39 2 0 1
40 2 0 1
41 2 0 1
42 2 0 1
43 2 0 1
44 2 0 1
45 2 0 1
46 4 0 1 2 3
47 3 0 1 2
48 4 0 1 2 3
49 2 0 1
50 4 0 1 2 3
51 4 0 1 2 3
52 2 0 1
53 2 0 1
54 3 0 1 2
55 2 0 1
56 2 0 1
57 16 0 1 2 3 4 5 6 7 8 9 10 11 12 13 14 15
58 2 0 1
59 2 0 1
60 2 0 1
61 2 0 1
62 2 0 1
63 2 0 1
64 2 0 1
65 2 0 1
66 2 0 1
67 2 0 1
68 2 0 1
69 2 0 1
70 2 0 1
71 2 0 1
72 2 0 1
73 2 0 1
74 2 0 1
75 2 0 1
76 2 0 1
77 2 0 1
78 2 0 1
79 2 0 1
80 2 0 1
81 2 0 1
82 2 0 1
83 2 0 1
84 2 0 1
85 2 0 1
86 2 0 1
87 2 0 1
88 2 0 1
89 2 0 1
90 2 0 1
91 2 0 1
92 2 0 1
93 2 0 1
94 2 0 1
95 2 0 1
96 2 0 1
97 2 0 1
98 2 0 1
99 2 0 1
100 2 0 1
101 2 0 1
102 2 0 1
103 2 0 1
104 2 0 1
105 2 0 1
106 2 0 1
107 2 0 1
108 2 0 1
109 2 0 1
110 2 0 1
111 2 0 1
112 2 0 1
113 2 0 1
114 2 0 1
115 2 0 1
116 2 0 1
117 2 0 1
118 2 0 1
119 2 0 1
120 2 0 1
121 2 0 1
122 2 0 1
123 2 0 1
124 2 0 1
125 2 0 1
126 2 0 1
127 2 0 1
128 2 0 1
129 2 0 1
130 2 0 1
131 2 0 1
132 2 0 1
133 2 0 1
134 2 0 1
135 2 0 1
136 2 0 1
137 2 0 1
138 2 0 1
139
0 0
1 1
2 2
3 3
4 4
5 5
6 6
7 7
8 8
9 9
10 10
11 11
12 12
13 13
14 14
15 15
16 16
17 17
18 18
19 19
20 20
21 21
22 22
23 23
24 24
25 25
26 26
27 27
28 28
29 29
30 30
31 31
32 32
33 33
34 34
35 35
36 36
37 37
38 38
39 39
40 40
41 41
42 42
43 43
44 44
45 45
46 46
47 47
48 48
49 49
50 50
51 51
52 52
53 53
54 54
55 55
56 56
57 57
58 58
59 59
60 60
61 61
62 62
63 63
64 64
65 65
66 66
67 67
68 68
69 69
70 70
71 71
72 72
73 73
74 74
75 75
76 76
77 77
78 78
79 79
80 80
81 81
82 82
83 83
84 84
85 85
86 86
87 87
88 88
89 89
90 90
91 91
92 92
93 93
94 94
95 95
96 96
97 97
98 98
99 99
100 100
101 101
102 102
103 103
104 104
105 105
106 106
107 107
108 108
109 109
110 110
111 111
112 112
113 113
114 114
115 115
116 116
117 117
118 118
119 119
120 120
121 121
122 122
123 123
124 124
125 125
126 126
127 127
128 128
129 129
130 130
131 131
132 132
133 133
134 134
135 135
136 136
137 137
138 138
147
0 1 2  0 1 16 0 0 1 0 2 1 3 1 4 0 5 0 6 0 7 0 8 0 9 0 10 1 11 1 12 1 13 1 14 1 15 2
1 1 2  0 2 16 0 2 1 2 2 2 3 2 4 0 5 0 6 1 7 1 8 2 9 2 10 0 11 0 12 2 13 2 14 3 15 3
2 1 2  0 3 16 0 0 1 0 2 0 3 0 4 1 5 1 6 0 7 0 8 0 9 0 10 1 11 1 12 0 13 0 14 0 15 0
3 1 2  0 4 16 0 0 1 1 2 0 3 1 4 0 5 1 6 0 7 1 8 0 9 1 10 0 11 1 12 0 13 1 14 1 15 1
4 1 2  0 56 16 0 0 1 0 2 0 3 0 4 0 5 0 6 0 7 0 8 0 9 0 10 0 11 0 12 0 13 0 14 0 15 1
5 1 2  0 57 16 0 0 1 1 2 2 3 3 4 4 5 5 6 6 7 7 8 8 9 9 10 10 11 11 12 12 13 13 14 14 15 15
6 1 2  0 58 16 0 1 1 1 2 1 3 1 4 1 5 1 6 1 7 1 8 1 9 1 10 1 11 1 12 1 13 1 14 1 15 0
7 1 2  0 59 16 0 0 1 0 2 0 3 0 4 0 5 0 6 0 7 0 8 0 9 0 10 0 11 0 12 0 13 0 14 0 15 1
8 1 2  0 60 16 0 1 1 1 2 0 3 0 4 1 5 1 6 1 7 1 8 1 9 1 10 0 11 0 12 0 13 0 14 0 15 0
9 1 2  0 61 16 0 0 1 0 2 1 3 1 4 0 5 0 6 0 7 0 8 0 9 0 10 1 11 1 12 1 13 1 14 1 15 1
10 1 2  0 62 16 0 0 1 0 2 0 3 0 4 0 5 0 6 0 7 0 8 0 9 0 10 0 11 0 12 0 13 0 14 0 15 1
11 1 2  0 63 16 0 1 1 1 2 1 3 1 4 1 5 1 6 1 7 1 8 1 9 1 10 1 11 1 12 1 13 1 14 1 15 0
12 1 2  0 64 16 0 1 1 1 2 1 3 1 4 1 5 1 6 1 7 1 8 1 9 1 10 1 11 1 12 1 13 1 14 1 15 0
13 1 2  0 65 16 0 0 1 0 2 0 3 0 4 0 5 0 6 0 7 0 8 0 9 0 10 0 11 0 12 0 13 0 14 0 15 1
14 1 2  0 66 16 0 1 1 1 2 0 3 0 4 1 5 1 6 1 7 1 8 1 9 1 10 0 11 0 12 0 13 0 14 0 15 0
15 1 2  0 67 16 0 0 1 0 2 1 3 1 4 0 5 0 6 0 7 0 8 0 9 0 10 1 11 1 12 1 13 1 14 1 15 1
16 1 2  0 68 16 0 1 1 1 2 0 3 0 4 1 5 1 6 1 7 1 8 1 9 1 10 0 11 0 12 0 13 0 14 0 15 0
17 1 2  0 69 16 0 0 1 0 2 1 3 1 4 0 5 0 6 0 7 0 8 0 9 0 10 1 11 1 12 1 13 1 14 1 15 1
18 1 2  0 70 16 0 0 1 1 2 0 3 1 4 0 5 1 6 0 7 1 8 0 9 1 10 0 11 1 12 0 13 1 14 1 15 1
19 1 2  0 71 16 0 1 1 0 2 1 3 0 4 1 5 0 6 1 7 0 8 1 9 0 10 1 11 0 12 1 13 0 14 0 15 0
20 1 2  0 72 16 0 0 1 0 2 0 3 0 4 0 5 0 6 0 7 0 8 0 9 0 10 0 11 0 12 0 13 0 14 0 15 1
21 1 2  0 73 16 0 1 1 1 2 1 3 1 4 1 5 1 6 1 7 1 8 1 9 1 10 1 11 1 12 1 13 1 14 1 15 0
22 1 2  0 74 16 0 0 1 0 2 0 3 0 4 1 5 1 6 1 7 1 8 1 9 1 10 0 11 0 12 0 13 0 14 0 15 0
23 1 2  0 75 16 0 1 1 1 2 1 3 1 4 0 5 0 6 0 7 0 8 0 9 0 10 1 11 1 12 1 13 1 14 1 15 1
24 1 2  0 76 16 0 0 1 1 2 0 3 1 4 0 5 1 6 0 7 1 8 0 9 1 10 0 11 1 12 0 13 1 14 1 15 0
25 1 2  0 77 16 0 1 1 0 2 1 3 0 4 1 5 0 6 1 7 0 8 1 9 0 10 1 11 0 12 1 13 0 14 0 15 1
26 1 2  0 78 16 0 0 1 0 2 0 3 0 4 0 5 0 6 0 7 0 8 0 9 0 10 0 11 0 12 0 13 0 14 0 15 1
27 1 2  0 79 16 0 1 1 1 2 1 3 1 4 1 5 1 6 1 7 1 8 1 9 1 10 1 11 1 12 1 13 1 14 1 15 0
28 1 2  0 80 16 0 1 1 1 2 1 3 1 4 1 5 1 6 1 7 1 8 1 9 1 10 1 11 1 12 1 13 1 14 1 15 0
29 1 2  0 81 16 0 0 1 0 2 1 3 1 4 0 5 0 6 0 7 0 8 0 9 0 10 1 11 1 12 1 13 1 14 1 15 1
30 1 2  0 82 16 0 1 1 1 2 0 3 0 4 1 5 1 6 1 7 1 8 1 9 1 10 0 11 0 12 0 13 0 14 0 15 1
31 1 2  0 83 16 0 0 1 0 2 1 3 1 4 0 5 0 6 0 7 0 8 0 9 0 10 1 11 1 12 1 13 1 14 1 15 1
32 1 2  0 84 16 0 1 1 1 2 0 3 0 4 1 5 1 6 1 7 1 8 1 9 1 10 0 11 0 12 0 13 0 14 0 15 1
33 1 2  0 85 16 0 1 1 1 2 1 3 1 4 1 5 1 6 1 7 1 8 1 9 1 10 1 11 1 12 1 13 1 14 1 15 0
34 1 2  0 86 16 0 0 1 1 2 1 3 1 4 0 5 1 6 0 7 1 8 0 9 1 10 1 11 1 12 1 13 1 14 1 15 1
35 1 2  0 87 16 0 1 1 1 2 0 3 1 4 1 5 1 6 1 7 1 8 1 9 1 10 0 11 1 12 0 13 1 14 1 15 1
36 1 2  0 88 16 0 1 1 0 2 1 3 0 4 1 5 0 6 1 7 0 8 1 9 0 10 1 11 0 12 1 13 0 14 0 15 0
37 1 2  0 89 16 0 0 1 0 2 1 3 1 4 0 5 0 6 0 7 0 8 0 9 0 10 1 11 1 12 1 13 1 14 1 15 1
38 1 2  0 90 16 0 1 1 1 2 0 3 0 4 1 5 1 6 1 7 1 8 1 9 1 10 0 11 0 12 0 13 0 14 0 15 1
39 1 2  0 91 16 0 1 1 1 2 1 3 1 4 1 5 1 6 1 7 1 8 1 9 1 10 1 11 1 12 1 13 1 14 1 15 0
40 1 2  0 92 16 0 0 1 0 2 1 3 1 4 0 5 0 6 0 7 0 8 0 9 0 10 1 11 1 12 1 13 1 14 1 15 1
41 1 2  0 93 16 0 1 1 1 2 0 3 0 4 1 5 1 6 1 7 1 8 1 9 1 10 0 11 0 12 0 13 0 14 0 15 0
42 1 2  0 94 16 0 1 1 1 2 0 3 0 4 1 5 1 6 1 7 1 8 1 9 1 10 0 11 0 12 0 13 0 14 0 15 0
43 1 2  0 95 16 0 0 1 0 2 1 3 1 4 0 5 0 6 0 7 0 8 0 9 0 10 1 11 1 12 1 13 1 14 1 15 1
44 1 2  0 96 16 0 0 1 0 2 1 3 1 4 0 5 0 6 0 7 0 8 0 9 0 10 1 11 1 12 1 13 1 14 1 15 1
45 1 2  0 97 16 0 1 1 1 2 0 3 0 4 1 5 1 6 1 7 1 8 1 9 1 10 0 11 0 12 0 13 0 14 0 15 0
46 1 2  0 98 16 0 1 1 0 2 1 3 0 4 1 5 1 6 1 7 0 8 1 9 0 10 1 11 1 12 1 13 0 14 0 15 0
47 1 2  0 99 16 0 0 1 1 2 0 3 1 4 0 5 0 6 0 7 1 8 0 9 1 10 0 11 0 12 0 13 1 14 1 15 1
48 1 2  0 100 16 0 0 1 0 2 1 3 1 4 0 5 0 6 0 7 0 8 0 9 0 10 1 11 1 12 1 13 1 14 1 15 1
49 1 2  0 101 16 0 1 1 1 2 0 3 0 4 1 5 1 6 1 7 1 8 1 9 1 10 0 11 0 12 0 13 0 14 0 15 0
50 1 2  0 102 16 0 1 1 1 2 0 3 0 4 1 5 1 6 1 7 1 8 1 9 1 10 0 11 0 12 0 13 0 14 0 15 0
51 1 2  0 103 16 0 0 1 0 2 1 3 1 4 0 5 0 6 0 7 0 8 0 9 0 10 1 11 1 12 1 13 1 14 1 15 1
52 1 2  0 104 16 0 1 1 1 2 1 3 1 4 1 5 1 6 1 7 1 8 1 9 1 10 1 11 1 12 1 13 1 14 1 15 0
53 1 2  0 105 16 0 0 1 0 2 0 3 0 4 0 5 0 6 0 7 0 8 0 9 0 10 0 11 0 12 0 13 0 14 0 15 1
54 1 2  0 106 16 0 0 1 0 2 0 3 0 4 1 5 1 6 0 7 0 8 0 9 0 10 1 11 1 12 0 13 0 14 0 15 0
55 1 2  0 107 16 0 1 1 1 2 1 3 1 4 0 5 0 6 1 7 1 8 1 9 1 10 0 11 0 12 1 13 1 14 1 15 1
56 1 2  0 108 16 0 0 1 1 2 0 3 1 4 0 5 1 6 0 7 1 8 0 9 1 10 0 11 1 12 0 13 1 14 1 15 0
57 1 2  0 109 16 0 1 1 0 2 1 3 0 4 1 5 0 6 1 7 0 8 1 9 0 10 1 11 0 12 1 13 0 14 0 15 1
58 1 2  0 110 16 0 1 1 1 2 1 3 1 4 1 5 1 6 1 7 1 8 1 9 1 10 1 11 1 12 1 13 1 14 1 15 0
59 1 2  0 111 16 0 0 1 0 2 0 3 0 4 0 5 0 6 0 7 0 8 0 9 0 10 0 11 0 12 0 13 0 14 0 15 1
60 1 2  0 112 16 0 1 1 1 2 1 3 1 4 0 5 0 6 1 7 1 8 1 9 1 10 0 11 0 12 1 13 1 14 1 15 1
61 1 2  0 113 16 0 1 1 1 2 1 3 1 4 1 5 1 6 0 7 0 8 1 9 1 10 1 11 1 12 1 13 1 14 1 15 1
62 1 2  0 114 16 0 0 1 0 2 0 3 0 4 1 5 1 6 1 7 1 8 0 9 0 10 1 11 1 12 0 13 0 14 1 15 1
63 1 2  0 115 16 0 1 1 1 2 1 3 1 4 1 5 1 6 1 7 1 8 1 9 1 10 1 11 1 12 1 13 1 14 0 15 0
64 1 2  0 116 16 0 1 1 1 2 0 3 0 4 1 5 1 6 1 7 1 8 1 9 1 10 0 11 0 12 0 13 0 14 0 15 0
65 1 2  0 117 16 0 0 1 0 2 1 3 1 4 0 5 0 6 0 7 0 8 0 9 0 10 1 11 1 12 1 13 1 14 1 15 1
66 1 2  0 118 16 0 1 1 1 2 0 3 0 4 1 5 1 6 1 7 1 8 1 9 1 10 0 11 0 12 0 13 0 14 0 15 0
67 1 2  0 119 16 0 0 1 0 2 1 3 1 4 0 5 0 6 0 7 0 8 0 9 0 10 1 11 1 12 1 13 1 14 1 15 1
68 1 2  0 120 16 0 0 1 0 2 1 3 1 4 0 5 0 6 0 7 0 8 0 9 0 10 1 11 1 12 1 13 1 14 1 15 1
69 1 2  0 121 16 0 1 1 1 2 0 3 0 4 1 5 1 6 1 7 1 8 1 9 1 10 0 11 0 12 0 13 0 14 0 15 1
70 1 2  0 122 16 0 1 1 1 2 1 3 1 4 1 5 1 6 1 7 1 8 1 9 1 10 1 11 1 12 1 13 1 14 1 15 0
71 1 2  0 123 16 0 0 1 0 2 0 3 0 4 1 5 1 6 1 7 1 8 1 9 1 10 1 11 1 12 1 13 1 14 1 15 1
72 1 2  0 124 16 0 0 1 0 2 0 3 0 4 1 5 1 6 1 7 1 8 1 9 1 10 1 11 1 12 1 13 1 14 1 15 1
73 1 2  0 125 16 0 0 1 0 2 0 3 0 4 1 5 1 6 0 7 0 8 0 9 0 10 1 11 1 12 0 13 0 14 0 15 0
74 1 2  0 126 16 0 1 1 1 2 1 3 1 4 1 5 1 6 1 7 1 8 1 9 1 10 1 11 1 12 1 13 1 14 1 15 0
75 1 2  0 127 16 0 1 1 1 2 0 3 0 4 1 5 1 6 1 7 1 8 1 9 1 10 0 11 0 12 0 13 0 14 0 15 1
76 1 2  0 128 16 0 0 1 0 2 1 3 1 4 0 5 0 6 0 7 0 8 0 9 0 10 1 11 1 12 1 13 1 14 1 15 1
77 1 2  0 129 16 0 1 1 1 2 1 3 1 4 0 5 0 6 0 7 0 8 0 9 0 10 0 11 0 12 0 13 0 14 0 15 0
78 1 2  0 130 16 0 0 1 0 2 0 3 0 4 0 5 0 6 0 7 0 8 0 9 0 10 0 11 0 12 0 13 0 14 0 15 1
79 1 2  0 131 16 0 0 1 0 2 0 3 0 4 0 5 0 6 0 7 0 8 0 9 0 10 0 11 0 12 0 13 0 14 0 15 1
80 1 2  0 132 16 0 1 1 1 2 0 3 0 4 1 5 1 6 1 7 1 8 1 9 1 10 0 11 0 12 0 13 0 14 0 15 1
81 1 2  0 133 16 0 0 1 0 2 0 3 0 4 0 5 0 6 0 7 0 8 0 9 0 10 0 11 0 12 0 13 0 14 0 15 1
82 1 2  0 134 16 0 0 1 0 2 0 3 0 4 0 5 0 6 0 7 0 8 0 9 0 10 0 11 0 12 0 13 0 14 0 15 1
83 1 2  0 135 16 0 1 1 1 2 0 3 0 4 1 5 1 6 1 7 1 8 1 9 1 10 0 11 0 12 0 13 0 14 0 15 1
84 1 2  0 136 16 0 1 1 1 2 0 3 0 4 1 5 1 6 1 7 1 8 1 9 1 10 0 11 0 12 0 13 0 14 0 15 1
85 1 2  0 137 16 0 1 1 1 2 0 3 0 4 1 5 1 6 1 7 1 8 1 9 1 10 0 11 0 12 0 13 0 14 0 15 1
86 1 2  0 138 16 0 0 1 0 2 0 3 0 4 0 5 0 6 0 7 0 8 0 9 0 10 0 11 0 12 0 13 0 14 0 15 1
87 1 2  0 5 16 0 1 1 1 2 1 3 1 4 1 5 1 6 1 7 1 8 1 9 1 10 1 11 1 12 1 13 1 14 1 15 0
88 1 2  0 6 23 0 1 1 1 2 0 2 1 3 0 3 1 4 1 5 1 6 1 7 1 8 1 9 1 10 0 10 1 11 0 11 1 12 0 12 1 13 0 13 1 14 0 14 1 15 0
89 1 2  0 7 31 0 0 0 1 1 0 1 1 2 0 2 1 3 0 3 1 4 0 4 1 5 0 5 1 6 0 6 1 7 0 7 1 8 0 8 1 9 0 9 1 10 0 10 1 11 0 11 1 12 0 12 1 13 0 13 1 14 0 14 1 15 0
90 1 2  0 8 16 0 0 1 0 2 0 3 0 4 0 5 0 6 0 7 0 8 0 9 0 10 0 11 0 12 0 13 0 14 0 15 1
91 1 2  0 9 16 0 1 1 1 2 1 3 1 4 1 5 1 6 1 7 1 8 1 9 1 10 1 11 1 12 1 13 1 14 1 15 0
92 1 2  0 10 16 0 1 1 1 2 0 3 0 4 1 5 1 6 1 7 1 8 1 9 1 10 0 11 0 12 0 13 0 14 0 15 0
93 1 2  0 11 23 0 1 1 1 2 0 2 1 3 0 3 1 4 1 5 1 6 1 7 1 8 1 9 1 10 0 10 1 11 0 11 1 12 0 12 1 13 0 13 1 14 0 14 1 15 0
94 1 2  0 12 24 0 0 0 1 1 0 1 1 2 0 3 0 4 0 4 1 5 0 5 1 6 0 6 1 7 0 7 1 8 0 8 1 9 0 9 1 10 0 11 0 12 0 13 0 14 0 15 0
95 1 2  0 13 16 0 0 1 1 2 0 3 1 4 0 5 1 6 0 7 1 8 0 9 1 10 0 11 1 12 0 13 1 14 1 15 1
96 1 2  0 14 16 0 0 1 0 2 0 3 0 4 0 5 0 6 0 7 0 8 0 9 0 10 0 11 0 12 0 13 0 14 0 15 1
97 1 2  0 15 16 0 0 1 0 2 0 3 0 4 1 5 1 6 1 7 1 8 1 9 1 10 0 11 0 12 0 13 0 14 0 15 0
98 1 2  0 16 19 0 0 1 1 2 0 2 1 3 1 4 0 5 1 6 0 7 1 8 0 9 1 10 0 10 1 11 1 12 0 12 1 13 1 14 1 15 0
99 1 2  0 18 16 0 0 1 0 2 0 3 0 4 0 5 0 6 0 7 0 8 0 9 0 10 0 11 0 12 0 13 0 14 0 15 1
100 1 2  0 21 24 0 0 0 1 1 0 1 1 2 0 3 0 4 0 4 1 5 0 5 1 6 0 6 1 7 0 7 1 8 0 8 1 9 0 9 1 10 0 11 0 12 0 13 0 14 0 15 0
101 1 2  0 23 31 0 0 0 1 1 0 1 1 2 0 2 2 3 0 3 2 4 0 4 1 5 0 5 1 6 0 6 1 7 0 7 1 8 0 8 1 9 0 9 1 10 0 10 2 11 0 11 2 12 0 12 2 13 0 13 2 14 0 14 2 15 0
102 1 2  0 24 24 0 0 0 1 1 0 1 1 2 2 3 2 4 0 4 1 5 0 5 1 6 0 6 1 7 0 7 1 8 0 8 1 9 0 9 1 10 2 11 2 12 2 13 2 14 2 15 3
103 1 2  0 25 31 0 0 0 1 1 0 1 1 2 0 2 1 3 0 3 1 4 0 4 1 5 0 5 1 6 0 6 1 7 0 7 1 8 0 8 1 9 0 9 1 10 0 10 1 11 0 11 1 12 0 12 1 13 0 13 1 14 0 14 1 15 0
104 1 2  0 26 31 0 0 0 1 1 0 1 1 2 0 2 1 3 0 3 1 4 0 4 1 5 0 5 1 6 0 6 1 7 0 7 1 8 0 8 1 9 0 9 1 10 0 10 1 11 0 11 1 12 0 12 1 13 0 13 1 14 0 14 1 15 0
105 1 2  0 27 16 0 0 1 2 2 1 3 2 4 0 5 2 6 0 7 2 8 0 9 2 10 1 11 2 12 1 13 2 14 2 15 2
106 1 2  0 28 23 0 0 1 0 2 0 2 1 3 0 3 1 4 0 5 0 6 0 7 0 8 0 9 0 10 0 10 1 11 0 11 1 12 0 12 1 13 0 13 1 14 0 14 1 15 2
107 1 2  0 31 16 0 0 1 0 2 1 3 1 4 0 5 0 6 0 7 0 8 0 9 0 10 1 11 1 12 1 13 1 14 1 15 1
108 1 2  0 32 23 0 1 1 1 2 0 2 1 3 0 3 1 4 1 5 1 6 1 7 1 8 1 9 1 10 0 10 1 11 0 11 1 12 0 12 1 13 0 13 1 14 0 14 1 15 0
109 1 2  0 33 24 0 0 0 1 1 0 1 1 2 0 3 0 4 0 4 1 5 0 5 1 6 0 6 1 7 0 7 1 8 0 8 1 9 0 9 1 10 0 11 0 12 0 13 0 14 0 15 0
110 1 2  0 35 16 0 0 1 0 2 1 3 1 4 0 5 0 6 0 7 0 8 0 9 0 10 1 11 1 12 1 13 1 14 1 15 1
111 1 2  0 36 16 0 1 1 0 2 1 3 0 4 1 5 1 6 1 7 0 8 1 9 0 10 1 11 1 12 1 13 0 14 0 15 0
112 1 2  0 37 16 0 0 1 0 2 1 3 1 4 0 5 0 6 0 7 0 8 0 9 0 10 1 11 1 12 1 13 1 14 1 15 1
113 1 2  0 38 46 0 0 0 1 0 2 1 0 1 1 1 2 2 0 2 1 2 2 3 0 3 1 3 2 4 0 4 1 4 2 5 0 5 1 5 2 6 0 6 1 6 2 7 0 7 1 7 2 8 0 8 1 8 2 9 0 9 1 9 2 10 0 10 1 10 2 11 0 11 1 11 2 12 0 12 1 12 2 13 0 13 1 13 2 14 0 14 1 14 2 15 0
114 1 2  0 39 16 0 1 1 1 2 0 3 0 4 1 5 1 6 1 7 1 8 1 9 1 10 0 11 0 12 0 13 0 14 0 15 0
115 1 2  0 41 16 0 1 1 1 2 1 3 1 4 1 5 1 6 1 7 1 8 1 9 1 10 1 11 1 12 1 13 1 14 1 15 0
116 1 2  0 42 16 0 0 1 0 2 0 3 0 4 1 5 1 6 0 7 0 8 0 9 0 10 1 11 1 12 0 13 0 14 0 15 0
117 1 2  0 43 16 0 0 1 1 2 0 3 1 4 0 5 1 6 0 7 1 8 0 9 1 10 0 11 1 12 0 13 1 14 1 15 0
118 1 2  0 44 16 0 1 1 1 2 1 3 1 4 1 5 1 6 1 7 1 8 1 9 1 10 1 11 1 12 1 13 1 14 1 15 0
119 1 2  0 46 16 0 2 1 2 2 2 3 2 4 0 5 0 6 1 7 1 8 2 9 2 10 0 11 0 12 2 13 2 14 3 15 3
120 1 2  0 52 16 0 1 1 1 2 0 3 0 4 1 5 1 6 1 7 1 8 1 9 1 10 0 11 0 12 0 13 0 14 0 15 0
121 1 2  0 53 16 0 1 1 1 2 0 3 0 4 1 5 1 6 1 7 1 8 1 9 1 10 0 11 0 12 0 13 0 14 0 15 0
122 1 2  0 29 16 0 0 1 0 2 0 3 0 4 1 5 1 6 1 7 1 8 1 9 1 10 1 11 1 12 1 13 1 14 1 15 1
123 1 2  0 40 16 0 0 1 0 2 0 3 0 4 1 5 1 6 1 7 1 8 1 9 1 10 1 11 1 12 1 13 1 14 1 15 1
124 1 2  0 30 16 0 0 1 0 2 0 3 0 4 1 5 1 6 0 7 0 8 0 9 0 10 1 11 1 12 0 13 0 14 0 15 0
125 1 2  0 54 16 0 2 1 2 2 1 3 1 4 2 5 2 6 2 7 2 8 2 9 2 10 1 11 1 12 1 13 1 14 1 15 0
126 1 2  0 34 32 0 1 0 2 1 1 1 2 2 1 2 2 3 1 3 2 4 0 4 1 5 0 5 1 6 0 6 1 7 0 7 1 8 0 8 1 9 0 9 1 10 0 10 1 11 0 11 1 12 0 12 1 13 0 13 1 14 0 14 1 15 0 15 1
127 1 2  0 20 46 0 0 0 1 0 2 1 0 1 1 1 2 2 0 2 1 2 2 3 0 3 1 3 2 4 0 4 1 4 2 5 0 5 1 5 2 6 0 6 1 6 2 7 0 7 1 7 2 8 0 8 1 8 2 9 0 9 1 9 2 10 0 10 1 10 2 11 0 11 1 11 2 12 0 12 1 12 2 13 0 13 1 13 2 14 0 14 1 14 2 15 2
128 1 2  0 22 23 0 1 1 1 2 0 2 1 3 0 3 1 4 1 5 1 6 1 7 1 8 1 9 1 10 0 10 1 11 0 11 1 12 0 12 1 13 0 13 1 14 0 14 1 15 1
129 1 2  0 45 23 0 1 1 1 2 0 2 1 3 0 3 1 4 1 5 1 6 1 7 1 8 1 9 1 10 0 10 1 11 0 11 1 12 0 12 1 13 0 13 1 14 0 14 1 15 1
130 1 3  0 17 19 222 0 0 0 0 0 1 0 0 2 0 0 3 0 0 4 0 0 5 0 0 6 0 0 7 0 0 8 0 0 9 0 0 10 0 0 11 0 0 12 0 0 13 1 0 0 1 0 1 1 0 2 1 0 3 1 0 4 1 0 5 1 0 6 1 0 7 1 0 8 1 0 9 1 0 10 1 0 11 1 0 12 1 0 13 2 1 0 2 1 1 2 1 2 2 1 3 2 1 4 2 1 5 2 1 6 2 1 7 2 1 8 2 1 9 2 1 10 2 1 11 2 1 12 2 1 13 3 1 0 3 1 1 3 1 2 3 1 3 3 1 4 3 1 5 3 1 6 3 1 7 3 1 8 3 1 9 3 1 10 3 1 11 3 1 12 3 1 13 4 0 0 4 0 1 4 0 2 4 0 3 4 0 4 4 0 5 4 0 6 4 0 7 4 0 8 4 0 9 4 0 10 4 0 11 4 0 12 4 0 13 5 0 0 5 0 1 5 0 2 5 0 3 5 0 4 5 0 5 5 0 6 5 0 7 5 0 8 5 0 9 5 0 10 5 0 11 5 0 12 5 0 13 6 0 0 6 0 1 6 0 2 6 0 3 6 0 4 6 0 5 6 0 6 6 0 7 6 0 8 6 0 9 6 0 11 6 0 12 6 0 13 7 0 0 7 0 1 7 0 2 7 0 3 7 0 4 7 0 5 7 0 6 7 0 7 7 0 8 7 0 9 7 0 11 7 0 12 7 0 13 8 0 0 8 0 1 8 0 2 8 0 3 8 0 4 8 0 5 8 0 6 8 0 7 8 0 8 8 0 9 8 0 10 8 0 11 8 0 12 8 0 13 9 0 0 9 0 1 9 0 2 9 0 3 9 0 4 9 0 5 9 0 6 9 0 7 9 0 8 9 0 9 9 0 10 9 0 11 9 0 12 9 0 13 10 1 0 10 1 1 10 1 2 10 1 3 10 1 4 10 1 5 10 1 6 10 1 7 10 1 8 10 1 9 10 1 10 10 1 11 10 1 12 10 1 13 11 1 0 11 1 1 11 1 2 11 1 3 11 1 4 11 1 5 11 1 6 11 1 7 11 1 8 11 1 9 11 1 10 11 1 11 11 1 12 11 1 13 12 1 0 12 1 1 12 1 2 12 1 3 12 1 4 12 1 5 12 1 6 12 1 7 12 1 8 12 1 9 12 1 10 12 1 11 12 1 12 12 1 13 13 1 0 13 1 1 13 1 2 13 1 3 13 1 4 13 1 5 13 1 6 13 1 7 13 1 8 13 1 9 13 1 10 13 1 11 13 1 12 13 1 13 14 1 0 14 1 1 14 1 2 14 1 3 14 1 4 14 1 5 14 1 6 14 1 7 14 1 8 14 1 9 14 1 10 14 1 11 14 1 12 14 1 13 15 2 0 15 2 1 15 2 2 15 2 3 15 2 4 15 2 5 15 2 6 15 2 7 15 2 8 15 2 9 15 2 10 15 2 11 15 2 12 15 2 13
131 1 6  0 47 48 49 50 51 24 0 0 1 0 1 1 0 0 1 0 2 1 1 0 1 1 1 1 1 0 1 1 2 1 2 0 1 0 1 1 2 0 1 0 2 1 3 0 1 1 1 1 3 0 1 1 2 1 4 1 2 0 0 0 5 1 2 0 0 0 6 0 0 0 3 3 7 0 0 0 3 3 8 0 1 0 1 1 8 0 1 0 2 1 9 0 1 1 1 1 9 0 1 1 2 1 10 1 2 0 0 0 11 1 2 0 0 0 12 0 1 0 1 1 12 0 1 0 2 1 13 0 1 1 1 1 13 0 1 1 2 1 14 2 3 1 2 2 15 2 3 1 2 2
132 1 3  28 32 56 10 0 1 0 0 1 1 1 0 0 1 0 1 1 1 0 1 1 1 2 0 0 2 0 1 2 1 0 2 1 1
133 1 3  12 24 56 8 0 1 0 0 1 1 0 2 0 0 2 1 0 3 0 0 3 1 1 0 0 1 0 1
134 1 4  2 15 29 56 28 0 0 0 0 0 0 0 1 0 0 1 0 0 0 1 1 0 1 0 0 0 1 0 1 0 1 1 0 0 1 1 1 1 0 0 0 1 0 0 1 1 0 1 0 1 0 1 1 1 1 0 0 1 1 0 1 1 1 1 0 1 1 1 1 2 0 0 0 2 0 0 1 2 0 1 0 2 0 1 1 2 1 1 0 2 1 1 1 3 0 0 0 3 0 0 1 3 0 1 0 3 0 1 1 3 1 1 0 3 1 1 1
135 1 3  32 33 56 6 0 0 0 0 0 1 1 0 0 1 0 1 1 1 0 1 1 1
136 1 2  17 56 6 0 0 0 1 1 0 1 1 2 0 2 1
137 1 4  4 18 27 56 20 0 0 0 0 0 0 0 1 0 0 1 0 0 0 1 1 0 0 2 0 0 0 2 1 0 1 0 0 0 1 0 1 0 1 1 0 0 1 1 1 0 1 2 0 0 1 2 1 1 0 1 0 1 0 1 1 1 0 2 0 1 0 2 1 1 1 1 0 1 1 1 1 1 1 2 0 1 1 2 1
138 1 3  10 31 56 6 0 0 0 0 0 1 0 1 0 0 1 1 1 0 0 1 0 1
139 1 3  10 32 56 6 0 0 0 0 0 1 0 1 0 0 1 1 1 1 0 1 1 1
140 1 4  29 34 40 56 23 0 0 0 1 0 0 1 0 0 0 1 1 0 1 0 0 0 1 0 1 0 1 1 0 0 1 1 1 0 2 0 0 0 2 0 1 0 2 1 0 0 2 1 1 1 0 0 0 1 0 0 1 1 0 1 0 1 0 1 1 1 1 0 0 1 1 0 1 1 1 1 0 1 1 1 1 1 2 0 0 1 2 0 1 1 2 1 0 1 2 1 1
141 1 3  10 33 56 6 0 0 0 0 0 1 1 0 0 1 0 1 1 1 0 1 1 1
142 1 2  19 57 194 0 0 0 1 0 2 0 3 0 4 0 5 0 6 0 7 0 8 0 9 0 10 0 11 0 12 0 13 0 14 0 15 1 0 1 1 1 2 1 3 1 4 1 5 1 6 1 7 1 8 1 9 1 10 1 11 1 12 1 13 1 14 1 15 2 0 2 1 2 2 2 3 2 4 2 5 2 6 2 7 2 8 2 9 2 10 2 11 2 12 2 13 2 14 2 15 3 0 3 1 3 2 3 3 3 4 3 5 3 6 3 7 3 8 3 9 3 10 3 11 3 12 3 13 3 14 3 15 4 0 4 1 4 2 4 3 4 4 4 5 4 6 4 7 4 8 4 9 4 10 4 11 4 12 4 13 4 14 4 15 5 0 5 1 5 2 5 3 5 4 5 5 5 6 5 7 5 8 5 9 5 10 5 11 5 12 5 13 5 14 5 15 6 0 6 1 6 2 6 3 6 4 6 5 6 6 6 7 6 8 6 9 6 10 6 11 6 12 6 13 6 14 6 15 7 0 7 1 7 2 7 3 7 4 7 5 7 6 7 7 7 8 7 9 7 10 7 11 7 12 7 13 7 14 7 15 8 0 8 1 8 2 8 3 8 4 8 5 8 6 8 7 8 8 8 9 8 10 8 11 8 12 8 13 8 14 8 15 10 6 10 7 11 0 11 1 11 2 11 3 11 4 11 5 11 6 11 7 11 8 11 9 11 10 11 11 11 12 11 13 11 14 11 15 12 0 12 1 12 2 12 3 12 4 12 5 12 6 12 7 12 8 12 9 12 10 12 11 12 12 12 13 12 14 12 15 13 0 13 1 13 2 13 3 13 4 13 5 13 6 13 7 13 8 13 9 13 10 13 11 13 12 13 13 13 14 13 15
143 1 2  19 55 14 0 0 1 0 2 0 3 0 4 0 5 0 6 0 7 0 8 1 9 1 10 1 11 1 12 1 13 0
144 1 6  7 20 38 130 133 138 46 0 2 0 0 0 0 0 2 0 0 0 1 0 2 0 0 1 0 0 2 0 0 1 1 0 2 0 1 0 0 0 2 0 1 0 1 0 2 0 1 1 0 0 2 0 1 1 1 0 2 1 0 0 0 0 2 1 0 0 1 0 2 1 0 1 0 0 2 1 0 1 1 0 2 1 1 0 0 0 2 1 1 0 1 0 2 1 1 1 0 0 2 1 1 1 1 0 2 2 0 0 0 0 2 2 0 0 1 0 2 2 0 1 0 0 2 2 0 1 1 0 2 2 1 0 0 0 2 2 1 0 1 0 2 2 1 1 0 0 2 2 1 1 1 1 0 1 0 0 0 1 0 1 0 0 1 1 0 1 0 1 0 1 0 1 0 1 1 1 0 1 1 0 0 1 0 1 1 0 1 1 0 1 1 1 0 1 0 1 1 1 1 1 1 2 0 0 0 1 1 2 1 0 0 1 2 0 0 1 0 1 2 0 0 1 1 1 2 0 1 1 0 1 2 0 1 1 1 1 2 1 0 1 0 1 2 1 0 1 1 1 2 1 1 1 0 1 2 1 1 1 1 1 2 2 0 1 0 1 2 2 0 1 1 1 2 2 1 1 0 1 2 2 1 1 1
145 1 6  7 20 38 131 133 134 40 0 2 0 0 0 0 0 2 0 0 0 1 0 2 0 0 1 0 0 2 0 0 1 1 0 2 0 1 0 0 0 2 0 1 0 1 0 2 0 1 1 0 0 2 0 1 1 1 0 2 1 0 0 1 0 2 1 0 1 1 0 2 1 1 0 1 0 2 1 1 1 1 0 2 2 0 0 0 0 2 2 0 0 1 0 2 2 0 1 0 0 2 2 0 1 1 0 2 2 1 0 0 0 2 2 1 0 1 0 2 2 1 1 0 0 2 2 1 1 1 1 0 1 0 0 0 1 0 1 1 0 0 1 1 2 0 0 0 1 1 2 0 0 1 1 1 2 0 1 0 1 1 2 0 1 1 1 1 2 1 0 0 1 1 2 1 0 1 1 1 2 1 1 0 1 1 2 1 1 1 1 2 0 0 1 0 1 2 0 0 1 1 1 2 0 1 1 0 1 2 0 1 1 1 1 2 1 0 1 1 1 2 1 1 1 1 1 2 2 0 1 0 1 2 2 0 1 1 1 2 2 1 1 0 1 2 2 1 1 1
146 1 8  22 28 32 45 132 135 136 137 92 0 0 1 0 0 0 0 0 0 0 1 0 1 0 0 0 1 0 0 0 0 0 1 1 1 0 0 0 0 1 1 1 1 0 0 0 1 0 1 1 1 0 0 0 1 1 1 1 1 0 0 1 0 0 1 0 1 0 0 1 0 0 1 1 1 0 0 1 0 1 1 0 1 0 0 1 0 1 1 1 1 0 0 1 1 0 1 0 1 0 0 1 1 0 1 1 1 0 0 1 1 1 1 0 1 0 0 1 1 1 1 1 1 0 1 0 0 1 1 1 1 0 1 0 1 1 1 1 1 0 1 1 0 1 1 0 1 0 1 1 0 1 1 1 1 0 1 1 1 1 1 0 1 0 1 1 1 1 1 1 1 1 0 0 0 0 0 1 1 1 0 0 0 0 1 1 1 1 0 0 0 1 0 1 1 1 0 0 0 1 1 1 1 1 0 0 1 0 0 1 1 1 0 0 1 0 1 1 1 1 0 0 1 1 0 1 1 1 0 0 1 1 1 1 1 1 0 1 0 0 0 0 1 1 0 1 0 0 0 1 1 1 0 1 0 0 1 0 1 1 0 1 0 0 1 1 1 1 0 1 0 1 0 0 1 1 0 1 0 1 0 1 1 1 0 1 0 1 1 0 1 1 0 1 0 1 1 1 1 1 0 1 1 0 0 0 1 1 0 1 1 0 0 1 1 1 0 1 1 0 1 0 1 1 0 1 1 0 1 1 1 1 0 1 1 1 0 0 1 1 0 1 1 1 0 1 1 1 0 1 1 1 1 0 1 1 0 1 1 1 1 1 1 1 1 0 0 1 0 1 1 1 1 0 0 1 1 1 1 1 1 0 1 1 0 1 1 1 1 0 1 1 1 1 1 1 1 1 0 1 0 0 1 1 1 1 0 1 0 1 1 1 1 1 0 1 1 0 1 1 1 1 0 1 1 1 1 1 1 1 1 1 0 0 1 1 1 1 1 1 0 1 1 1 1 1 1 1 1 0 1 1 1 1 1 1 1 1 1 2 0 0 0 0 0 1 1 2 0 0 0 0 1 1 1 2 0 0 0 1 0 1 1 2 0 0 0 1 1 1 1 2 0 0 1 0 0 1 1 2 0 0 1 0 1 1 1 2 0 0 1 1 0 1 1 2 0 0 1 1 1 1 1 2 0 1 0 0 0 0 1 2 0 1 0 0 0 1 1 2 0 1 0 0 1 0 1 2 0 1 0 0 1 1 1 2 0 1 0 1 0 0 1 2 0 1 0 1 0 1 1 2 0 1 0 1 1 0 1 2 0 1 0 1 1 1 1 2 0 1 1 0 0 0 1 2 0 1 1 0 0 1 1 2 0 1 1 0 1 0 1 2 0 1 1 0 1 1 1 2 0 1 1 1 0 0 1 2 0 1 1 1 0 1 1 2 0 1 1 1 1 0 1 2 0 1 1 1 1 1 1 2 1 0 0 1 0 1 1 2 1 0 0 1 1 1 1 2 1 0 1 1 0 1 1 2 1 0 1 1 1 1 1 2 1 1 0 1 0 0 1 2 1 1 0 1 0 1 1 2 1 1 0 1 1 0 1 2 1 1 0 1 1 1 1 2 1 1 1 1 0 0 1 2 1 1 1 1 0 1 1 2 1 1 1 1 1 0 1 2 1 1 1 1 1 1
147
2 0 1 0
2 0 2 1
2 0 3 2
2 0 4 3
2 0 56 4
2 0 57 5
2 0 58 6
2 0 59 7
2 0 60 8
2 0 61 9
2 0 62 10
2 0 63 11
2 0 64 12
2 0 65 13
2 0 66 14
2 0 67 15
2 0 68 16
2 0 69 17
2 0 70 18
2 0 71 19
2 0 72 20
2 0 73 21
2 0 74 22
2 0 75 23
2 0 76 24
2 0 77 25
2 0 78 26
2 0 79 27
2 0 80 28
2 0 81 29
2 0 82 30
2 0 83 31
2 0 84 32
2 0 85 33
2 0 86 34
2 0 87 35
2 0 88 36
2 0 89 37
2 0 90 38
2 0 91 39
2 0 92 40
2 0 93 41
2 0 94 42
2 0 95 43
2 0 96 44
2 0 97 45
2 0 98 46
2 0 99 47
2 0 100 48
2 0 101 49
2 0 102 50
2 0 103 51
2 0 104 52
2 0 105 53
2 0 106 54
2 0 107 55
2 0 108 56
2 0 109 57
2 0 110 58
2 0 111 59
2 0 112 60
2 0 113 61
2 0 114 62
2 0 115 63
2 0 116 64
2 0 117 65
2 0 118 66
2 0 119 67
2 0 120 68
2 0 121 69
2 0 122 70
2 0 123 71
2 0 124 72
2 0 125 73
2 0 126 74
2 0 127 75
2 0 128 76
2 0 129 77
2 0 130 78
2 0 131 79
2 0 132 80
2 0 133 81
2 0 134 82
2 0 135 83
2 0 136 84
2 0 137 85
2 0 138 86
2 0 5 87
2 0 6 88
2 0 7 89
2 0 8 90
2 0 9 91
2 0 10 92
2 0 11 93
2 0 12 94
2 0 13 95
2 0 14 96
2 0 15 97
2 0 16 98
2 0 18 99
2 0 21 100
2 0 23 101
2 0 24 102
2 0 25 103
2 0 26 104
2 0 27 105
2 0 28 106
2 0 31 107
2 0 32 108
2 0 33 109
2 0 35 110
2 0 36 111
2 0 37 112
2 0 38 113
2 0 39 114
2 0 41 115
2 0 42 116
2 0 43 117
2 0 44 118
2 0 46 119
2 0 52 120
2 0 53 121
2 0 29 122
2 0 40 123
2 0 30 124
2 0 54 125
2 0 34 126
2 0 20 127
2 0 22 128
2 0 45 129
3 0 17 19 130
6 0 47 48 49 50 51 131
3 28 32 56 132
3 12 24 56 133
4 2 15 29 56 134
3 32 33 56 135
2 17 56 136
4 4 18 27 56 137
3 10 31 56 138
3 10 32 56 139
4 29 34 40 56 140
3 10 33 56 141
2 19 57 142
2 19 55 143
6 7 20 38 130 133 138 144
6 7 20 38 131 133 134 145
8 22 28 32 45 132 135 136 137 146
